||CHANNELNAMES||	"Abs-BV440"
370 0.233290488846841
371.706827309237 0.242852149012105
373.413654618474 0.254549747792177
375.120481927711 0.258155853700598
376.827309236948 0.270858290843032
378.534136546185 0.281514556966017
380.240963855421 0.283811740841466
381.947791164658 0.298056766066521
383.654618473895 0.302858199694383
385.361445783132 0.305448771200243
387.06827309237 0.31720177958155
388.775100401607 0.337376776559358
390.481927710844 0.338071975058678
392.188755020081 0.350580139179096
393.895582329317 0.357705677853164
395.602409638554 0.367702569864278
397.309236947791 0.374688141250295
399.016064257028 0.382893405037092
400.722891566265 0.398042379395007
402.429718875502 0.401816702573627
404.136546184739 0.40761643793633
405.843373493976 0.413584128963622
407.550200803213 0.422804889921377
409.25702811245 0.429349102377475
410.963855421686 0.43689244187769
412.670682730923 0.445306711468848
414.37751004016 0.454896439695872
416.084337349398 0.45921157542761
417.791164658635 0.473051990400415
419.497991967872 0.473122163354256
421.204819277109 0.483115847255157
422.911646586346 0.487134753477745
424.618473895582 0.500070350902414
426.325301204819 0.503466399132762
428.032128514056 0.515478270774376
429.738955823293 0.521139402274216
431.44578313253 0.529167846062257
433.152610441767 0.5304600284419
434.859437751004 0.537056170625633
436.566265060241 0.548692691108322
438.273092369478 0.549812681572044
439.979919678715 0.555654320353177
441.686746987951 0.563864767783182
443.393574297188 0.568531794926775
445.100401606426 0.574499423592239
446.807228915663 0.576701009199278
448.5140562249 0.575138657572217
450.220883534137 0.579396196658284
451.927710843374 0.585162682915296
453.634538152611 0.579546934736106
455.341365461848 0.584575790227978
457.048192771084 0.584671206017959
458.755020080321 0.581304468038255
460.461847389558 0.581283386921783
462.168674698795 0.578290898075387
463.875502008032 0.568243199572509
465.582329317269 0.561881086471612
467.289156626506 0.557261786146072
468.995983935743 0.548237205916365
470.70281124498 0.543288381664089
472.409638554217 0.533050540658223
474.116465863453 0.518887033562613
475.82329317269 0.507334868403058
477.530120481928 0.489009814776447
479.236947791165 0.480284307185325
480.943775100402 0.450274423629336
482.650602409639 0.432860983255143
484.357429718876 0.418631053438469
486.064257028113 0.394375969544754
487.77108433735 0.37561662151737
489.477911646586 0.353146496489853
491.184738955823 0.333479230276625
492.89156626506 0.315080674983738
494.598393574297 0.28790279691102
496.305220883534 0.269440486597404
498.012048192771 0.248349649270951
499.718875502008 0.226727080489382
501.425702811245 0.202904717017208
503.132530120482 0.187599718725958
504.839357429719 0.171629100001188
506.546184738956 0.148557093195009
508.253012048193 0.144040559361343
509.95983935743 0.132701538366878
511.666666666667 0.119360096170831
513.373493975904 0.0984481399048303
515.080321285141 0.0848270755316398
516.787148594378 0.0818872720067678
518.493975903614 0.0733914146938567
520.200803212851 0.0635181187663565
521.907630522088 0.0518521073839232
523.614457831325 0.0379462220116943
525.321285140562 0.0475737972423692
527.028112449799 0.0404322448869836
528.734939759036 0.0283594848100486
530.441767068273 0.030969154032129
532.14859437751 0.0245809904138684
533.855421686747 0.0255548638022752
535.562248995984 0.0135732879608811
537.269076305221 0.0161916764961291
538.975903614458 0.0135787877524625
540.682730923695 0.0153973948380459
542.389558232932 0.0107670666884393
544.096385542169 0.00563107894184738
545.803212851406 0.00666080445987565
547.510040160643 0.00759213753040006
549.21686746988 0.000985692360330029
550.923694779117 0.00329319038693767
552.630522088353 0.00706153065037415
554.33734939759 0.0025202789124537
556.044176706827 0.00995032180860393
557.751004016064 0.00413793108667252
559.457831325301 0.00445283232045311
561.164658634538 0.00722558493026285
562.871485943775 0.0110582856589837
564.578313253012 0.00187192506986324
566.285140562249 0.00541880211476134
567.991967871485 0.00375208248459086
569.698795180723 -0.00144149948554528
571.40562248996 0.00724973363921909
573.112449799197 -0.0015514983554271
574.819277108434 0.00414863295723601
576.526104417671 0.00355927816350468
578.232931726908 0.00853863568387469
579.939759036145 -0.00216005823699954
581.646586345381 0.00590571638809798
583.353413654618 0.0143040283530476
585.060240963855 0.00591233335331568
586.767068273092 -0.000176318124007941
588.473895582329 0.00291819576186717
590.180722891566 0.00466048630794785
591.887550200803 0.00672135045521324
593.59437751004 0.00411037899104764
595.301204819277 0.00351218708454618
597.008032128514 0.00406885548882064
598.714859437751 0.00615369550038706
600.421686746988 0.00880793793935715
602.128514056225 0.0042928802581742
603.835341365462 0.0012473635993926
605.542168674699 0.00122671315731127
607.248995983936 -0.000392225302942605
608.955823293173 0.00580750607374933
610.66265060241 0.00547928210847402
612.369477911647 -0.00264104455369596
614.076305220883 -0.000331081581192174
615.78313253012 0.00309505473591303
617.489959839357 0.0036940697243765
619.196787148594 0.00447375690894954
620.903614457831 -0.00693295079441387
622.610441767068 0.00322942132785749
624.317269076305 0.00243804509985238
626.024096385543 0.00687911510645282
627.73092369478 0.00636013365207394
629.437751004016 0.00170634080596687
631.144578313253 0.0041572845271206
632.85140562249 0.0060612142393012
634.558232931727 0.00806174784834332
636.265060240964 0.00638760126734444
637.971887550201 0.00682683699960837
639.678714859438 0.00278083626444807
641.385542168675 0.00593406189306937
643.092369477912 -0.00316913093121352
644.799196787149 0.00255175984580648
646.506024096385 0.00790243318216494
648.212851405622 0.00497900329410467
649.919678714859 4.82426225831099E-05
651.626506024096 0.000982396375082823
653.333333333333 -0.00407057415401641
655.04016064257 0.00386363136069856
656.746987951807 -6.7413064617656E-05
658.453815261044 0.00415052824726426
660.160642570281 -0.00566355732724868
661.867469879518 -0.000686537428257432
663.574297188755 0.00733057937092198
665.281124497992 -0.00443949913302314
666.987951807229 -1.54308467281005E-05
668.694779116466 0.00320028277500952
670.401606425703 -0.000259516975635908
672.10843373494 0.00162370512983464
673.815261044177 0.00210442223028223
675.522088353414 -0.0048899700894547
677.22891566265 0.00197074369576562
678.935742971887 -0.00276364448310371
680.642570281124 -4.59323592530438E-05
682.349397590361 -0.00105686218722058
684.056224899598 0.000844580076697303
685.763052208835 0.00217408371850484
687.469879518072 0.00532761408905111
689.17670682731 0.00882029259352669
690.883534136547 -0.00400457003104513
692.590361445783 0.00110273336953985
694.29718875502 0.00457508808112265
696.004016064257 0.00383839395292922
697.710843373494 0.00300252920095858
699.417670682731 -0.000149275173175721
701.124497991968 -0.00538707738666545
702.831325301205 0.00252479349650243
704.538152610442 0.00932305029267554
706.244979919679 0.00169323643257724
707.951807228916 0.00118540124901292
709.658634538152 0.0028953509318918
711.365461847389 0.00770828790637947
713.072289156626 0.00179970274287768
714.779116465863 0.00177226717592966
716.4859437751 -0.000937187464815355
718.192771084338 -0.00828879195907878
719.899598393575 -0.00452730729965566
721.606425702812 -6.1023323378234E-06
723.313253012049 -0.00296733035077824
725.020080321285 -0.00344170876830748
726.726907630522 0.00110698821634108
728.433734939759 -0.00234888744927362
730.140562248996 0.000597048406704627
731.847389558233 -0.00131403455351507
733.55421686747 0.00216972761311382
735.261044176707 0.00378026259945522
736.967871485944 0.00298119044676513
738.674698795181 -0.00286073125034648
740.381526104418 0.000859359868889912
742.088353413654 0.00299965966123379
743.795180722891 0.00215838702255514
745.502008032128 -0.000221497012381681
747.208835341365 -0.00017848154695438
748.915662650603 0.00128092060526876
750.62248995984 0.00177499203107968
752.329317269077 0.00508216843886049
754.036144578313 0.000953526662278118
755.74297188755 0.0056424210684388
757.449799196787 -0.00414656547399085
759.156626506024 0.000917328685363241
760.863453815261 -7.67850887867441E-05
762.570281124498 -0.000326486118668835
764.277108433735 -0.000878849807697552
765.983935742972 -0.00119614167755418
767.690763052209 -0.000454024037896677
769.397590361446 0.000181377530109147
771.104417670683 -0.00408690860150283
772.811244979919 -0.000984585705401558
774.518072289156 -9.39757500467693E-05
776.224899598393 0.00250539049253801
777.93172690763 0.00245526364586639
779.638554216867 0.002739990198427
781.345381526105 -0.000337472848275931
783.052208835342 0.00555910371850237
784.759036144579 0.00307273783200131
786.465863453815 0.00335393138162399
788.172690763052 0.00580993383928749
789.879518072289 -0.000623521701517013
791.586345381526 0.000412483317467967
793.293172690763 -0.00176134342465499
795 -0.00131945168381922
