||CHANNELNAMES||	"Abs-Atto505"
370 0.0490774225443897
371.706827309237 0.0530866705591601
373.413654618474 0.060316180596866
375.120481927711 0.0559376674720427
376.827309236948 0.0586832213723222
378.534136546185 0.063394937562863
380.240963855421 0.0611823907680158
381.947791164658 0.059353978817605
383.654618473895 0.0629776900975469
385.361445783132 0.0629625363006124
387.06827309237 0.0706687586006651
388.775100401607 0.0697402676276487
390.481927710844 0.0659739125588382
392.188755020081 0.0709391730523409
393.895582329317 0.0771011594334657
395.602409638554 0.0783021895650164
397.309236947791 0.0719272849115906
399.016064257028 0.084870396991576
400.722891566265 0.0794585186322403
402.429718875502 0.0832946400912364
404.136546184739 0.0890764349295485
405.843373493976 0.0881017291477325
407.550200803213 0.0962201501227324
409.25702811245 0.0972695983438236
410.963855421686 0.102102084662013
412.670682730923 0.104342064332251
414.37751004016 0.11621119572971
416.084337349398 0.119109165730796
417.791164658635 0.124644278623989
419.497991967872 0.128974958560525
421.204819277109 0.134023259988462
422.911646586346 0.144025821579904
424.618473895582 0.154920140592781
426.325301204819 0.155783661823077
428.032128514056 0.15621029249346
429.738955823293 0.169581848652869
431.44578313253 0.181481801034701
433.152610441767 0.186891388745049
434.859437751004 0.194822738020786
436.566265060241 0.206756388106118
438.273092369478 0.218260941578006
439.979919678715 0.221065501109788
441.686746987951 0.233153521708654
443.393574297188 0.243965325520085
445.100401606426 0.255277612220335
446.807228915663 0.268780700754322
448.5140562249 0.281424926719764
450.220883534137 0.29221649352445
451.927710843374 0.304381253218192
453.634538152611 0.31624355329081
455.341365461848 0.326703579730588
457.048192771084 0.338704983213958
458.755020080321 0.345269362652207
460.461847389558 0.362104908127378
462.168674698795 0.378120124139908
463.875502008032 0.386930194615995
465.582329317269 0.394080869463119
467.289156626506 0.408531502304033
468.995983935743 0.419745724870088
470.70281124498 0.435900646925425
472.409638554217 0.442307478042147
474.116465863453 0.453283990151991
475.82329317269 0.46526579504767
477.530120481928 0.473761790259275
479.236947791165 0.476841185606662
480.943775100402 0.490976083210421
482.650602409639 0.500872220110067
484.357429718876 0.506783786148186
486.064257028113 0.513714934877804
487.77108433735 0.517653796074454
489.477911646586 0.524103569992566
491.184738955823 0.53681921974382
492.89156626506 0.539071980933532
494.598393574297 0.53758810184536
496.305220883534 0.540394310396435
498.012048192771 0.547100345975225
499.718875502008 0.548942479131711
501.425702811245 0.551907490859151
503.132530120482 0.555764361642077
504.839357429719 0.54974580955773
506.546184738956 0.547217697221443
508.253012048193 0.542579500926827
509.95983935743 0.5431823110584
511.666666666667 0.531045911345577
513.373493975904 0.526159023611437
515.080321285141 0.528921012079289
516.787148594378 0.518087232608034
518.493975903614 0.510185320868048
520.200803212851 0.498557998918442
521.907630522088 0.491611428931962
523.614457831325 0.480394330971037
525.321285140562 0.465125159386313
527.028112449799 0.451315443973445
528.734939759036 0.444189675353679
530.441767068273 0.42931131073813
532.14859437751 0.417021141684976
533.855421686747 0.398405312972875
535.562248995984 0.38302494390418
537.269076305221 0.362790241491392
538.975903614458 0.349967078808953
540.682730923695 0.33525880202282
542.389558232932 0.31985079073594
544.096385542169 0.297927826823096
545.803212851406 0.276820213541708
547.510040160643 0.258405967300582
549.21686746988 0.235533596199149
550.923694779117 0.211913105162547
552.630522088353 0.193424884461476
554.33734939759 0.175502062104185
556.044176706827 0.158939664198353
557.751004016064 0.151484680804878
559.457831325301 0.127369019397225
561.164658634538 0.120225881642011
562.871485943775 0.108874326871652
564.578313253012 0.100609171023508
566.285140562249 0.0875814053445097
567.991967871485 0.0792689115766983
569.698795180723 0.0673114731122514
571.40562248996 0.0616340886974286
573.112449799197 0.0557864014612486
574.819277108434 0.0503209503234426
576.526104417671 0.0397507132443311
578.232931726908 0.033861909209247
579.939759036145 0.0285261623292135
581.646586345381 0.0236081948396647
583.353413654618 0.026892421166135
585.060240963855 0.0204862083242489
586.767068273092 0.0109153797891526
588.473895582329 0.0178365526964384
590.180722891566 0.00652637639506112
591.887550200803 0.0114947003543691
593.59437751004 0.00734841010672559
595.301204819277 0.00621010210532573
597.008032128514 0.00921922134088393
598.714859437751 0.00890803902692968
600.421686746988 0.00889804758304792
602.128514056225 0.00162189762832526
603.835341365462 0.00735662200046026
605.542168674699 0.00487316906606704
607.248995983936 0.00124402298558212
608.955823293173 0.00396671041204705
610.66265060241 0.0045156825729381
612.369477911647 0.00703671370375406
614.076305220883 0.00521304654839987
615.78313253012 0.00415969027384778
617.489959839357 0.00366327100138214
619.196787148594 0.000764253598692878
620.903614457831 0.00432156702349671
622.610441767068 0.000558996435492297
624.317269076305 0.00109177061654203
626.024096385543 0.00467043739576546
627.73092369478 -0.001846629738267
629.437751004016 -0.000379621432371555
631.144578313253 -0.00269053739784734
632.85140562249 -0.000530461504450174
634.558232931727 0.000212843593438577
636.265060240964 0.00495852614356401
637.971887550201 0.000694871671623326
639.678714859438 0.00218444226317007
641.385542168675 0.00435579422917068
643.092369477912 0.000443344187829101
644.799196787149 0.000485786738488307
646.506024096385 0.00130779181528821
648.212851405622 0.0072184645307718
649.919678714859 0.00247962857045908
651.626506024096 0.0053513101073189
653.333333333333 0.00319763420540615
655.04016064257 0.000766820432123274
656.746987951807 0.00553792644159909
658.453815261044 0.00399934552361984
660.160642570281 0.00282217032237279
661.867469879518 0.00290413260211607
663.574297188755 -0.00198787209787908
665.281124497992 0.00299765414298898
666.987951807229 0.00560695474920471
668.694779116466 0.00499924760309073
670.401606425703 0.0059835393554732
672.10843373494 0.00303397739564029
673.815261044177 0.00507334302612851
675.522088353414 0.00691650824887014
677.22891566265 0.00636024107730246
678.935742971887 -0.00111561363274568
680.642570281124 0.00253222465252221
682.349397590361 0.00352479815411376
684.056224899598 0.00666520897753195
685.763052208835 0.0025221210052985
687.469879518072 -0.000325576243273535
689.17670682731 1.41683263215901E-05
690.883534136547 0.00984593115923761
692.590361445783 0.000777694238425751
694.29718875502 -0.00117320079658809
696.004016064257 0.00171246629519733
697.710843373494 0.00422652552225816
699.417670682731 0.00119633396290606
701.124497991968 0.00314025813646808
702.831325301205 0.00635422949550764
704.538152610442 0.0058421572166084
706.244979919679 0.00241574376693028
707.951807228916 0.00254314277451513
709.658634538152 0.000694522665903879
711.365461847389 -0.00156518052874548
713.072289156626 -0.000878536739064587
714.779116465863 0.00499447879532561
716.4859437751 7.07873469495742E-05
718.192771084338 0.00128339971756442
719.899598393575 -0.000442182823102454
721.606425702812 0.00143314058612271
723.313253012049 0.00448841293799419
725.020080321285 -0.00104369841892391
726.726907630522 0.00291895308584023
728.433734939759 0.000438414104667345
730.140562248996 -0.000181758294742251
731.847389558233 7.52251885791197E-05
733.55421686747 0.00377653679447303
735.261044176707 0.00244833066667103
736.967871485944 -0.000300182422103708
738.674698795181 -0.00099620799416617
740.381526104418 0.000985446498422364
742.088353413654 0.00125660077768343
743.795180722891 -0.000214900902262726
745.502008032128 7.7253331167722E-05
747.208835341365 -0.0039271862076765
748.915662650603 -0.00031904484950665
750.62248995984 0.0021716767551171
752.329317269077 0.00259508255706867
754.036144578313 -0.00229935618690324
755.74297188755 -0.00222325268411268
757.449799196787 -0.000295648994352224
759.156626506024 0.0028860414846121
760.863453815261 -0.000764282885415451
762.570281124498 0.00277932973095375
764.277108433735 -3.040546015044E-05
765.983935742972 0.00528428137433512
767.690763052209 -0.00271683447737949
769.397590361446 0.00330889356623811
771.104417670683 -0.00146020910815816
772.811244979919 0.00375558629907768
774.518072289156 -0.000581343684908986
776.224899598393 0.00371991470397464
777.93172690763 0.00160347752395326
779.638554216867 -0.00132221506378038
781.345381526105 0.00245242505961113
783.052208835342 0.000221375136988843
784.759036144579 -0.00811732060841494
786.465863453815 -0.000767883540910527
788.172690763052 0.00381140139081228
789.879518072289 0.00143733445159474
791.586345381526 -0.00252164698477783
793.293172690763 0.00117847397670093
795 -0.00104506881222262
